100
-105315645 573429661
-978161886 761311798
772117478 724103795
-358675807 836395613
-208841933 -584115414
-419653627 215493282
-63206616 -652778043
-198851492 -733138902
877275096 -70276443
-439313490 207054354
346933383 -625600060
313764614 188033244
-598830638 -237855088
585161917 573825650
-803947415 140405623
579239073 -114980337
256390092 82192973
-642287425 -681858526
-558232160 543970182
-832835515 -592039574
797594736 -266504573
-308426898 -949488575
-14651739 -270891136
-942297044 96740882
483290483 598866085
-107766762 -992581272
-985669186 425714430
869957839 -648227096
655354143 245775107
-615871510 -384584921
-786326176 401319642
-109798291 -772596295
901675077 463323084
241430298 -609901590
581798262 -194688524
-500449989 124417232
279896646 523395764
960940756 771317416
-291560652 733286740
-913561614 -501122125
-742726548 875161174
72077289 -535326569
583108162 722065499
623602896 192036600
438190936 -600936632
-446521525 264027381
-68689524 112910603
967156611 -721108337
-910795212 -647515715
-352905878 856609176
787146389 -979906970
-677292350 -507983643
-248966280 157790631
-265631725 -662886229
-171043292 -304729128
-972421694 -894087770
-869239834 528315350
-44125470 -831287777
-166560655 716006081
976908672 -614559260
693997113 -974854741
658729021 529727010
-210257938 -537537799
457510407 100635585
634790754 -739070211
32459140 335410721
-867875960 -970326617
344547985 56112662
-300433949 657831350
310156299 -96277766
981277365 180707512
-567078849 -217699438
651106470 423451978
500150165 -743629894
195209943 -678608708
-828101928 62774722
-645768909 916639765
-279399635 -504698932
-563519159 -648794013
-650485294 -380889757
-677567058 153457558
-805447110 115861148
494047943 -992844992
-685304376 -993160350
412366309 65294669
902539709 -603028007
793714033 304598110
714686299 826673996
-794113718 -432465852
84838242 610662867
-127825009 -858015952
697485500 613739223
-10299382 -105104454
-609292019 -477586418
973397125 886507198
-604173477 -941425856
-199174127 -290329997
-622127487 -152226841
-618065060 -617782557
227595176 460149024
